57.82400000000003 163.54152947425845
57.82400000000003 202.51752947425845
242.17600000000004 163.54152947425845
242.17600000000004 202.51752947425845
57.82400000000003 146.02789577444875
57.82400000000003 185.00389577444875
242.17600000000004 146.02789577444875
242.17600000000004 185.00389577444875
57.82400000000003 143.1371140318597
57.82400000000003 182.1131140318597
242.17600000000004 143.1371140318597
242.17600000000004 182.1131140318597
57.82400000000003 159.69267896610563
57.82400000000003 198.66867896610563
242.17600000000004 159.69267896610563
242.17600000000004 198.66867896610563
