57.82400000000003 187.69969381087714
57.82400000000003 226.67569381087714
242.17600000000004 187.69969381087714
242.17600000000004 226.67569381087714
57.82400000000003 77.04066380796635
57.82400000000003 116.01666380796635
242.17600000000004 77.04066380796635
242.17600000000004 116.01666380796635
57.82400000000003 203.45510709495443
57.82400000000003 242.43110709495443
242.17600000000004 203.45510709495443
242.17600000000004 242.43110709495443
57.82400000000003 124.93003485650607
57.82400000000003 163.90603485650607
242.17600000000004 124.93003485650607
242.17600000000004 163.90603485650607
57.82400000000003 163.54152947425845
57.82400000000003 202.51752947425845
242.17600000000004 163.54152947425845
242.17600000000004 202.51752947425845
57.824000000000055 197.369755517525
57.824000000000055 236.345755517525
242.17600000000004 197.369755517525
242.17600000000004 236.345755517525
57.82400000000003 146.02789577444875
57.82400000000003 185.00389577444875
242.17600000000004 146.02789577444875
242.17600000000004 185.00389577444875
57.82400000000003 27.35691510328364
57.82400000000003 66.33291510328364
242.17600000000004 27.35691510328364
242.17600000000004 66.33291510328364
57.82400000000003 143.1371140318597
57.82400000000003 182.1131140318597
242.17600000000004 143.1371140318597
242.17600000000004 182.1131140318597
57.82400000000003 89.40471682775627
57.82400000000003 128.38071682775626
242.17600000000004 89.40471682775627
242.17600000000004 128.38071682775626
57.82400000000003 159.69267896610563
57.82400000000003 198.66867896610563
242.17600000000004 159.69267896610563
242.17600000000004 198.66867896610563
