38.071999999999946 188.18638653468327
38.071999999999946 235.51438653468324
261.92799999999994 188.18638653468327
261.92799999999994 235.51438653468324
38.071999999999946 121.63914637898345
38.071999999999946 168.96714637898344
261.92799999999994 121.63914637898345
261.92799999999994 168.96714637898344
38.071999999999946 73.80840380980594
38.071999999999946 121.13640380980594
261.92799999999994 73.80840380980594
261.92799999999994 121.13640380980594
38.07199999999992 152.67881566221973
38.07199999999992 200.0068156622197
261.9279999999999 152.67881566221973
261.9279999999999 200.0068156622197
38.071999999999946 119.8776584989284
38.071999999999946 167.2056584989284
261.92799999999994 119.8776584989284
261.92799999999994 167.2056584989284
38.07199999999992 93.22453430029732
38.07199999999992 140.5525343002973
261.9279999999999 93.22453430029732
261.9279999999999 140.5525343002973
