42.98713563821062 46.92464943317361
42.98713563821062 92.1646494331736
256.9671356382106 46.92464943317361
256.9671356382106 92.1646494331736
42.987135638210674 63.51532183921388
42.987135638210674 108.75532183921386
256.9671356382106 63.51532183921388
256.9671356382106 108.75532183921386
43.00999999999985 117.78635913491674
43.00999999999985 163.02635913491673
256.9899999999998 117.78635913491674
256.9899999999998 163.02635913491673
42.98713563821062 201.20484674546458
42.98713563821062 246.4448467454646
256.9671356382106 201.20484674546458
256.9671356382106 246.4448467454646
