92.39747935225692 130.42896409063894
92.39747935225692 154.78896409063896
207.6174793522569 130.42896409063894
207.6174793522569 154.78896409063896
92.38654726964664 177.34045210474446
92.38654726964664 201.70045210474447
207.60654726964663 177.34045210474446
207.60654726964663 201.70045210474447
92.34657388717618 157.8979182178812
92.34657388717618 182.2579182178812
207.56657388717616 157.8979182178812
207.56657388717616 182.2579182178812
92.40294899412233 139.4325738682699
92.40294899412233 163.79257386826993
207.62294899412234 139.4325738682699
207.62294899412234 163.79257386826993
92.40956575050386 165.4119400300475
92.40956575050386 189.77194003004752
207.62956575050384 165.4119400300475
207.62956575050384 189.77194003004752
92.30925675992539 158.9891501900335
92.30925675992539 183.34915019003353
207.52925675992537 158.9891501900335
207.52925675992537 183.34915019003353
92.47669276236526 207.54320690256378
92.47669276236526 231.9032069025638
207.69669276236527 207.54320690256378
207.69669276236527 231.9032069025638
