64.5964189484109 152.31802816870905
64.5964189484109 188.37717457847717
235.15203673714174 152.31802816870905
235.15203673714174 188.37717457847717
64.59784594680747 161.8282312400569
64.59784594680747 197.88737764982503
235.1534637355383 161.8282312400569
235.1534637355383 197.88737764982503
64.58970473090574 107.5712561379425
64.58970473090574 143.63040254771062
235.14532251963658 107.5712561379425
235.14532251963658 143.63040254771062
64.59122920324796 117.73107242503676
64.59122920324796 153.79021883480488
235.1468469919788 117.73107242503676
235.1468469919788 153.79021883480488
64.59811026681473 163.58978678969993
64.59811026681473 199.64893319946805
235.15372805554557 163.58978678969993
235.15372805554557 199.64893319946805
64.5915118853685 119.6150019216438
64.5915118853685 155.6741483314119
235.14712967409935 119.6150019216438
235.14712967409935 155.6741483314119
64.59814539650691 163.8239079402636
64.59814539650691 199.88305435003173
235.15376318523775 163.8239079402636
235.15376318523775 199.88305435003173
64.59080421005453 114.89871354946834
64.59080421005453 150.95785995923646
235.14642199878537 114.89871354946834
235.14642199878537 150.95785995923646
64.5972874310325 158.10601371585062
64.5972874310325 194.16516012561874
235.15290521976334 158.10601371585062
235.15290521976334 194.16516012561874
64.58834457823005 98.5065450727088
64.58834457823005 134.56569148247692
235.1439623669609 98.5065450727088
235.1439623669609 134.56569148247692
64.59203676131074 123.11302743448636
64.59203676131074 159.17217384425447
235.14765455004158 123.11302743448636
235.14765455004158 159.17217384425447
64.59686012943641 155.2582705361604
64.59686012943641 191.31741694592853
235.15247791816725 155.2582705361604
235.15247791816725 191.31741694592853
64.59704529090493 156.49227554326953
64.59704529090493 192.55142195303765
235.15266307963577 156.49227554326953
235.15266307963577 192.55142195303765
64.59097563735182 116.04118743975786
64.59097563735182 152.10033384952598
235.14659342608266 116.04118743975786
235.14659342608266 152.10033384952598
64.59669685549846 154.17013455090918
64.59669685549846 190.2292809606773
235.1523146442293 154.17013455090918
235.1523146442293 190.2292809606773
64.59778348115069 161.41193008484225
64.59778348115069 197.47107649461037
235.15340126988153 161.41193008484225
235.15340126988153 197.47107649461037
