211.0 232.0
176.0 232.0
176.0 68.0
211.0 68.0
221.0 232.0
187.0 232.0
187.0 68.0
221.0 68.0
158.0 232.0
123.0 232.0
123.0 68.0
158.0 68.0
176.0 232.0
141.0 232.0
141.0 68.0
176.0 68.0
169.0 232.0
134.0 232.0
134.0 68.0
169.0 68.0
159.0 232.0
124.0 232.0
124.0 68.0
159.0 68.0
134.0 232.0
100.0 232.0
100.0 68.0
134.0 68.0
157.0 232.0
122.0 232.0
122.0 68.0
157.0 68.0
155.0 232.0
121.0 232.0
121.0 68.0
155.0 68.0
203.0 232.0
168.0 232.0
168.0 68.0
203.0 68.0
141.0 232.0
107.0 232.0
107.0 68.0
141.0 68.0
