148.0 48.0
189.0 58.0
141.0 249.0
100.0 239.0
154.0 49.0
194.0 59.0
146.0 251.0
106.0 241.0
160.0 50.0
200.0 61.0
152.0 252.0
112.0 242.0
156.0 49.0
196.0 60.0
148.0 251.0
108.0 241.0
144.0 47.0
185.0 57.0
137.0 248.0
96.0 238.0
160.0 51.0
201.0 61.0
153.0 252.0
112.0 242.0
167.0 52.0
208.0 63.0
160.0 254.0
120.0 244.0
153.0 49.0
194.0 59.0
146.0 251.0
105.0 240.0
165.0 52.0
205.0 62.0
157.0 253.0
117.0 243.0
197.0 60.0
237.0 70.0
189.0 261.0
149.0 251.0
148.0 48.0
189.0 58.0
141.0 249.0
100.0 239.0
138.0 45.0
178.0 55.0
130.0 247.0
90.0 237.0
141.0 46.0
181.0 56.0
133.0 247.0
93.0 237.0
109.0 38.0
149.0 48.0
101.0 239.0
61.0 229.0
154.0 49.0
194.0 59.0
146.0 251.0
106.0 241.0
180.0 56.0
221.0 66.0
173.0 257.0
132.0 247.0
169.0 53.0
210.0 63.0
162.0 255.0
121.0 244.0
145.0 47.0
186.0 57.0
138.0 249.0
97.0 238.0
143.0 46.0
183.0 56.0
135.0 248.0
95.0 238.0
