229.0 130.0
231.0 164.0
71.0 173.0
69.0 139.0
230.0 141.0
232.0 175.0
72.0 183.0
70.0 150.0
228.0 99.0
229.0 133.0
69.0 141.0
67.0 108.0
229.0 119.0
230.0 153.0
70.0 161.0
68.0 128.0
231.0 157.0
233.0 191.0
72.0 200.0
71.0 166.0
229.0 125.0
231.0 159.0
71.0 167.0
69.0 133.0
231.0 160.0
233.0 194.0
73.0 203.0
71.0 169.0
227.0 95.0
229.0 129.0
69.0 138.0
67.0 104.0
229.0 131.0
231.0 164.0
71.0 173.0
69.0 139.0
230.0 150.0
232.0 184.0
72.0 193.0
70.0 159.0
229.0 118.0
230.0 152.0
70.0 161.0
68.0 127.0
229.0 123.0
231.0 157.0
71.0 165.0
69.0 132.0
231.0 156.0
232.0 189.0
72.0 198.0
70.0 164.0
230.0 138.0
232.0 172.0
71.0 181.0
70.0 147.0
229.0 133.0
231.0 166.0
71.0 175.0
69.0 141.0
228.0 109.0
230.0 143.0
70.0 152.0
68.0 118.0
228.0 117.0
230.0 150.0
70.0 159.0
68.0 125.0
228.0 110.0
230.0 144.0
70.0 152.0
68.0 119.0
