77.57599999999995 60.89158275267292
77.57599999999995 91.51558275267291
222.42399999999992 60.89158275267292
222.42399999999992 91.51558275267291
77.57599999999995 73.15029938593626
77.57599999999995 103.77429938593626
222.42399999999992 73.15029938593626
222.42399999999992 103.77429938593626
77.57600000000001 143.84889184773365
77.57600000000001 174.47289184773368
222.42399999999998 143.84889184773365
222.42399999999998 174.47289184773368
77.57600000000004 59.754244436923315
77.57600000000004 90.37824443692331
222.42400000000004 59.754244436923315
222.42400000000004 90.37824443692331
77.57600000000004 155.28742823067998
77.57600000000004 185.91142823068
222.42400000000004 155.28742823067998
222.42400000000004 185.91142823068
77.57599999999995 76.51656024810562
77.57599999999995 107.14056024810561
222.42399999999992 76.51656024810562
222.42399999999992 107.14056024810561
77.57599999999998 134.6597680520416
77.57599999999998 165.28376805204164
222.42399999999998 134.6597680520416
222.42399999999998 165.28376805204164
77.57599999999995 220.56099522888843
77.57599999999995 251.18499522888845
222.42399999999992 220.56099522888843
222.42399999999992 251.18499522888845
77.57600000000001 132.09083211674638
77.57600000000001 162.7148321167464
222.42399999999998 132.09083211674638
222.42399999999998 162.7148321167464
